Hydrolab DS5 45497
Log File Name : June_1
Setup Date (M/D/YYYY) : 6/1/2008
Setup Time (HH:MM:SS) : 11:06:53
Starting Date (M/D/YYYY) : 6/1/2008
Starting Time (HH:MM:SS) : 17:00:00
Stopping Date (M/D/YYYY) : 6/16/2008
Stopping Time (HH:MM:SS) : 17:00:00
Interval (HH:MM:SS) : 00:15:00
Sensor warmup (HH:MM:SS) : 00:02:00
Circltr warmup (HH:MM:SS) : 00:02:00

  Time      Temp SpCond    PAR TurbSC   LDO%    LDO  IBatt
HH:MM:SS      °C  mS/cmµE/s/m²    NTU    Sat   mg/l  %Left

Date (M/D/YYYY) : 6/1/2008
17:00:00      8.66    0.2    276    0.0   99.0  11.55     72 
17:15:00      8.66    0.2    251    0.0   99.0  11.54     72 
17:30:00      8.67    0.2    233    0.1   99.0  11.54     71 
17:45:00      8.69    0.2    197    0.1   98.9  11.53     71 
18:00:00      8.71    0.2    205    0.0   99.0  11.53     71 
18:15:00      8.73    0.2    224    0.5   98.9  11.51     69 
18:30:00      8.74    0.2    145    0.2   98.8  11.51     69 
18:45:00      8.75    0.2    152    0.3   98.6  11.48     69 
19:00:00      8.73    0.2    148    0.1   98.2  11.44     69 
19:15:00      8.72    0.2    151    0.4   97.9  11.40     69 
19:30:00      8.69    0.2    129    0.6   97.6  11.38     69 
19:45:00      8.65    0.2    138    0.4   97.6  11.38     69 
20:00:00      8.59    0.2    134    0.7   97.2  11.36     68 
20:15:00      8.54    0.2    115    0.7   97.1  11.36     68 
20:30:00      8.49    0.2     97    0.9   96.7  11.33     68 
20:45:00      8.45    0.2     84    0.9   96.7  11.34     68 
21:00:00      8.40    0.2     78    0.6   96.7  11.35     68 
21:15:00      8.34    0.2     60    1.3   96.3  11.32     66 
21:30:00      8.28    0.2     55    0.5   96.0  11.30     66 
21:45:00      8.20    0.2     44    0.5   96.0  11.32     66 
22:00:00      8.13    0.2     36    0.3   95.5  11.28     66 
22:15:00      8.07    0.2     34    0.4   95.4  11.29     66 
22:30:00      8.01    0.2     29    0.4   95.1  11.27     66 
22:45:00      7.94    0.2     24    0.3   94.9  11.26     64 
23:00:00      7.86    0.2     20    0.5   94.6  11.25     64 
23:15:00      7.80    0.2     15    0.4   94.2  11.22     64 
23:30:00      7.73    0.2     13    0.4   94.0  11.21     64 
23:45:00      7.67    0.2     10    0.3   93.7  11.19     64 
00:00:00      7.61    0.2      8    0.3   93.3  11.16     64 
00:15:00      7.56    0.2      5    0.2   93.2  11.17     64 
00:30:00      7.51    0.2      4    0.0   92.9  11.14     64 
00:45:00      7.46    0.2      3    0.0   92.5  11.11     63 
01:00:00      7.41    0.2      3    0.0   92.4  11.11     63 
01:15:00      7.36    0.2      2    0.0   91.9  11.06     63 
01:30:00      7.30    0.2      2    0.1   91.8  11.07     61 
01:45:00      7.25    0.2      2    0.0   91.5  11.05     63 
02:00:00      7.19    0.2      2    0.0   91.3  11.04     63 
02:15:00      7.13    0.2      2    0.0   91.0  11.02     61 
02:30:00      7.07    0.2      3    0.0   90.9  11.02     61 
02:45:00      7.01    0.2      4    0.0   90.7  11.02     61 
03:00:00      6.94    0.2      5    0.0   90.5  11.01     61 
03:15:00      6.89    0.2      5    0.0   90.4  11.01     61 
03:30:00      6.83    0.2      7    0.0   90.1  11.00     61 
03:45:00      6.76    0.2     10    0.0   90.1  11.01     61 
04:00:00      6.70    0.2     14    0.0   90.0  11.02     61 
04:15:00      6.65    0.2     19    0.0   89.8  11.00     61 
04:30:00      6.58    0.2     26    0.0   89.8  11.02     61 
04:45:00      6.53    0.2     32    0.0   89.7  11.03     61 
05:00:00      6.47    0.2     40    0.0   89.7  11.04     61 
05:15:00      6.42    0.2     46    0.0   89.7  11.05     60 
05:30:00      6.36    0.2     51    0.0   89.8  11.08     60 
05:45:00      6.32    0.2     55    0.0   89.8  11.09     60 
06:00:00      6.27    0.2     65    0.0   89.8  11.11     60 
06:15:00      6.24    0.2     90    0.0   90.0  11.14     60 
06:30:00      6.23    0.2    123    0.0   90.2  11.18     60 
06:45:00      6.21    0.2    128    0.0   90.5  11.21     60 
07:00:00      6.20    0.2    202    0.0   90.5  11.22     60 
07:15:00      6.20    0.2    300    0.0   90.9  11.27     60 
07:30:00      6.20    0.2    510    0.0   91.0  11.28     60 
07:45:00      6.22    0.2    367    5.3   91.4  11.33     60 
08:00:00      6.25    0.2    405    0.0   91.7  11.35     60 
08:15:00      6.28    0.2    334    0.0   92.0  11.38     60 
08:30:00      6.30    0.2    397    0.0   92.3  11.41     58 
08:45:00      6.35    0.2    586    0.0   92.6  11.44     58 
09:00:00      6.39    0.2    506    0.0   92.9  11.46     58 
09:15:00      6.45    0.2    620    0.0   93.1  11.47     58 
09:30:00      6.51    0.2    632    0.0   93.6  11.51     58 
09:45:00      6.58    0.2   1070    0.0   93.8  11.51     58 
10:00:00      6.68    0.2   1027    0.0   94.2  11.54     58 
10:15:00      6.77    0.2    863    0.0   94.5  11.55     58 
10:30:00      6.87    0.2    685    0.0   94.7  11.55     58 
10:45:00      6.96    0.2    915    0.0   94.9  11.54     58 
11:00:00      7.06    0.2   1001    0.0   95.4  11.58     58 
11:15:00      7.17    0.2    772    0.0   95.7  11.58     58 
11:30:00      7.31    0.2   1633    0.0   95.9  11.57     58 
11:45:00      7.44    0.2   1372    0.0   96.3  11.57     58 
12:00:00      7.58    0.2    863    0.0   96.6  11.57     58 
12:15:00      7.69    0.2   1122    0.0   96.8  11.56     58 
12:30:00      7.81    0.2    980    0.0   97.0  11.55     58 
12:45:00      7.94    0.2   1015    0.0   97.5  11.57     58 
13:00:00      8.09    0.2    854    0.0   97.7  11.56     58 
13:15:00      8.25    0.2   1018    0.0   98.1  11.56     58 
13:30:00      8.42    0.2   1636    0.0   98.5  11.56     58 
13:45:00      8.57    0.2   1320    0.0   98.5  11.52     58 
14:00:00      8.71    0.2   1304    0.0   98.7  11.50     58 
14:15:00      8.85    0.2   1288    0.0   98.9  11.49     57 
14:30:00      8.99    0.2    182    0.0   99.3  11.49     57 
14:45:00      9.13    0.2    180    0.0   99.5  11.47     58 
15:00:00      9.29    0.2    179    0.0   99.7  11.45     57 
15:15:00      9.45    0.2    167    0.0   99.7  11.41     57 
15:30:00      9.60    0.2    175    0.0   99.9  11.39     58 
15:45:00      9.73    0.2    180    0.0  100.2  11.39     57 
16:00:00      9.85    0.2    226    0.0  100.0  11.34     57 
16:15:00      9.94    0.2    238    0.0  100.2  11.34     57 
16:30:00     10.05    0.2    231    0.0  100.2  11.31     58 
16:45:00     10.16    0.2    195    0.0  100.4  11.30     57 
17:00:00     10.26    0.2    188    0.0  100.4  11.27     57 
17:15:00     10.38    0.2    168    0.0  100.3  11.24     57 
17:30:00     10.45    0.2    163    0.0  100.5  11.23     58 
17:45:00     10.52    0.2    157    0.0  100.3  11.19     57 
18:00:00     10.56    0.2    143    0.0  100.4  11.19     58 
18:15:00     10.61    0.2    137    1.1  100.2  11.15     57 
18:30:00     10.65    0.2    127    0.2  100.1  11.13     57 
18:45:00     10.69    0.2    111    0.0  100.1  11.13     58 
19:00:00     10.70    0.2    113    0.1  100.0  11.11     58 
19:15:00     10.71    0.2    131    0.1   99.8  11.09     57 
19:30:00     10.67    0.2    117    0.0   99.5  11.06     58 
19:45:00     10.62    0.2    119    0.2   99.2  11.04     58 
20:00:00     10.56    0.2    124    0.6   99.1  11.05     58 
20:15:00     10.51    0.2     87    0.5   98.6  11.01     58 
20:30:00     10.46    0.2     67    0.7   98.5  11.01     58 
20:45:00     10.40    0.2     61    1.1   98.2  10.99     57 
21:00:00     10.31    0.2     63    1.1   97.7  10.96     57 
21:15:00     10.23    0.2     39    0.8   97.3  10.93     57 
21:30:00     10.15    0.2     32    0.9   96.8  10.90     57 
21:45:00     10.07    0.2     28    1.1   96.6  10.90     57 
22:00:00      9.98    0.2     20    1.0   96.2  10.87     57 
22:15:00      9.91    0.2     19    0.6   95.7  10.83     57 
22:30:00      9.83    0.2     15    0.6   95.3  10.81     57 
22:45:00      9.77    0.2     13    0.9   94.9  10.78     57 
23:00:00      9.70    0.2     14    1.3   94.5  10.75     57 
23:15:00      9.64    0.2     11    1.4   94.0  10.71     57 
23:30:00      9.58    0.2     10    5.7   93.8  10.70     57 
23:45:00      9.51    0.2      8    1.2   93.2  10.65     57 
00:00:00      9.43    0.2      5    0.7   92.7  10.61     57 
00:15:00      9.34    0.2      5    1.1   92.4  10.60     57 
00:30:00      9.26    0.2      4    1.3   92.1  10.59     57 
00:45:00      9.17    0.2      3    0.8   91.8  10.57     57 
01:00:00      9.08    0.2      2    0.8   91.5  10.57     55 
01:15:00      8.99    0.2      3    1.0   91.3  10.57     57 
01:30:00      8.89    0.2      2    0.9   90.9  10.54     57 
01:45:00      8.79    0.2      3    0.9   90.8  10.55     55 
02:00:00      8.69    0.2      2    0.5   90.4  10.53     55 
02:15:00      8.59    0.2      3    0.7   90.2  10.54     55 
02:30:00      8.48    0.2      3    0.3   89.9  10.54     55 
02:45:00      8.36    0.2      4    0.5   89.8  10.55     55 
03:00:00      8.26    0.2      5    0.0   89.6  10.55     55 
03:15:00      8.14    0.2      6    0.1   89.5  10.57     55 
03:30:00      8.02    0.2      8    0.1   89.4  10.59     55 
03:45:00      7.91    0.2     10   22.6   89.4  10.61     55 
04:00:00      7.81    0.2     13    0.0   89.1  10.61     55 
04:15:00      7.71    0.2     19    0.0   89.1  10.63     55 
04:30:00      7.61    0.2     24    0.3   89.0  10.65     55 
04:45:00      7.51    0.2     27    0.0   89.0  10.67     54 
05:00:00      7.42    0.2     34    0.0   89.0  10.70     54 
05:15:00      7.32    0.2     45    0.0   89.0  10.72     55 
05:30:00      7.23    0.2     47    0.0   89.1  10.76     55 
05:45:00      7.15    0.2     50    0.0   89.2  10.80     55 
06:00:00      7.07    0.2     62    0.0   89.2  10.82     54 
06:15:00      6.99    0.2     78    0.0   89.3  10.85     54 
06:30:00      6.92    0.2     89    0.0   89.5  10.89     54 
06:45:00      6.86    0.2    105    0.0   89.8  10.94     54 
07:00:00      6.82    0.2    125    0.0   89.8  10.96     54 
07:15:00      6.79    0.2    129    0.0   90.1  11.01     54 
07:30:00      6.75    0.2    109    0.0   90.3  11.04     54 
07:45:00      6.72    0.2    108    0.0   90.7  11.10     54 
08:00:00      6.70    0.2    115    0.0   90.8  11.12     54 
08:15:00      6.67    0.2    147    0.0   91.0  11.15     54 
08:30:00      6.65    0.2    187    0.0   91.3  11.19     54 
08:45:00      6.65    0.2    221    0.0   91.5  11.22     54 
09:00:00      6.64    0.2    222    0.0   91.9  11.26     54 
09:15:00      6.64    0.2    234    0.0   92.1  11.29     54 
09:30:00      6.67    0.2    533    0.0   92.6  11.34     52 
09:45:00      6.70    0.2    501    0.0   92.9  11.37     52 
10:00:00      6.78    0.2    899    0.0   93.5  11.42     52 
10:15:00      6.81    0.2    421    0.0   93.8  11.45     52 
10:30:00      6.86    0.2    666    0.0   93.9  11.45     52 
10:45:00      6.97    0.2    888    0.0   94.5  11.49     52 
11:00:00      7.10    0.2    884    0.0   94.7  11.47     52 
11:15:00      7.22    0.2   1112    0.0   95.3  11.51     52 
11:30:00      7.36    0.2    982    0.0   95.8  11.53     52 
11:45:00      7.49    0.2   1220    0.0   96.2  11.54     52 
12:00:00      7.62    0.2   1306    0.0   96.5  11.55     52 
12:15:00      7.75    0.2   1299    0.0   96.7  11.54     52 
12:30:00      7.89    0.2   1267    0.0   97.0  11.53     52 
12:45:00      8.04    0.2   1210    0.0   97.4  11.54     52 
13:00:00      8.22    0.2   1286    0.0   97.9  11.54     52 
13:15:00      8.41    0.2   1056    0.0   98.1  11.52     52 
13:30:00      8.60    0.2   1274    0.0   98.7  11.53     52 
13:45:00      8.80    0.2    617    0.0   99.2  11.54     52 
14:00:00      8.96    0.2   1125    0.0   99.2  11.49     52 
14:15:00      9.07    0.2   1361    0.0   99.1  11.45     52 
14:30:00      9.22    0.2    293    0.0   99.6  11.46     52 
14:45:00      9.37    0.2    227    0.0   99.7  11.44     52 
15:00:00      9.51    0.2    218    0.0   99.9  11.42     52 
15:15:00      9.63    0.2    171    0.0  100.1  11.41     52 
15:30:00      9.74    0.2    191    0.0  100.2  11.39     52 
15:45:00      9.88    0.2    222    0.0  100.2  11.36     54 
16:00:00      9.96    0.2    303    0.0  100.4  11.35     52 
16:15:00     10.03    0.2    122    0.0  100.2  11.31     52 
16:30:00     10.02    0.2     62    0.0   99.9  11.28     54 
16:45:00      9.97    0.2     70    0.0   99.5  11.25     54 
17:00:00      9.91    0.2     81    0.0   99.0  11.21     52 
17:15:00     10.74    0.0      9    6.6   97.8  10.86     52 
17:30:00     11.61    0.0      1    0.0  100.0  10.89     54 
17:45:00     12.02    0.0      2    0.0   99.4  10.72     54 
18:00:00     12.51    0.0      1   57.8   98.5  10.51     54 
18:15:00     12.69    0.0      1   72.1   98.2  10.43     54 
18:30:00     12.77    0.0      0   41.4   98.3  10.42     54 
18:45:00     12.83    0.2      1  171.9   98.3  10.41     54 
19:00:00     13.02    0.2      2    0.0   98.4  10.37     54 
19:15:00     13.26    0.2      2   25.8   98.4  10.32     55 
19:30:00     13.53    0.2      2   12.6   98.5  10.27     54 
19:45:00     13.82    0.2      1  188.9   98.8  10.23     55 
20:00:00     14.12    0.2      2    0.0   99.0  10.18     55 
20:15:00     14.47    0.2      2   40.0   98.8  10.08     54 
